
best_val_epoch: 9800
best_val_mse: 0.000208325534611332
best_val_tau: 0.861377959049149
best_val_rho: 0.9567860027810734
best_val_p10: 0.886
best_val_p20: 0.879

mse: 0.0005512902364567726
rho: 0.8964150719549112
tau: 0.7887060513390788
prec_at_10: 0.8753333333333334
prec_at_20: 0.89
