
best_val_epoch: 9050
best_val_mse: 0.00025354118899107483
best_val_tau: 0.8334176080418572
best_val_rho: 0.9295013451731287
best_val_p10: 0.875
best_val_p20: 0.8676666666666667

mse: 0.0005231929480192668
rho: 0.8752996001617593
tau: 0.766227624872579
prec_at_10: 0.8636666666666667
prec_at_20: 0.8751666666666668
