
best_val_epoch: 9320
best_val_mse: 0.00013565405483282757
best_val_tau: 0.9005172509738452
best_val_rho: 0.9843804171678253
best_val_p10: 0.9834999999999999
best_val_p20: 0.9895

mse: 0.00010726044393572431
rho: 0.9875965558539938
tau: 0.9080807259073844
prec_at_10: 0.993
prec_at_20: 0.99875
