
best_val_epoch: 9750
best_val_mse: 0.0002175414214310708
best_val_tau: 0.8464815226795204
best_val_rho: 0.9337965541521245
best_val_p10: 0.8923333333333333
best_val_p20: 0.875

mse: 0.0005192065136039746
rho: 0.877287104273452
tau: 0.7756318598832359
prec_at_10: 0.8783333333333333
prec_at_20: 0.8870000000000001
