
best_val_epoch: 29625
best_val_mse: 0.0002483495391123074
best_val_tau: 0.8319564489112227
best_val_rho: 0.9334233905847648
best_val_p10: 0.8976666666666667
best_val_p20: 0.8783333333333333

mse: 0.0005779411236137981
rho: 0.9189689693534508
tau: 0.8025951163006209
prec_at_10: 0.866
prec_at_20: 0.871
