
best_val_epoch: 9500
best_val_mse: 0.00023030703865441286
best_val_tau: 0.8281919499031846
best_val_rho: 0.928983788923745
best_val_p10: 0.8976666666666665
best_val_p20: 0.9051666666666666

mse: 0.0005927978990685489
rho: 0.8670862269117317
tau: 0.7583183208229078
prec_at_10: 0.8626666666666667
prec_at_20: 0.8678333333333335
