
best_val_epoch: 9800
best_val_mse: 0.00018206855006231722
best_val_tau: 0.8605252525252526
best_val_rho: 0.9498755654080668
best_val_p10: 0.9003333333333334
best_val_p20: 0.9076666666666665

mse: 0.0005391174499634658
rho: 0.9106347165287381
tau: 0.7977874525067186
prec_at_10: 0.8756666666666666
prec_at_20: 0.8838333333333335
