
best_val_epoch: 29100
best_val_mse: 0.00020717014243696704
best_val_tau: 0.8500750418760468
best_val_rho: 0.9384203505087629
best_val_p10: 0.902
best_val_p20: 0.8726666666666667

mse: 0.0005871998915294349
rho: 0.9005794356338674
tau: 0.7921618293021963
prec_at_10: 0.8676666666666667
prec_at_20: 0.8823333333333333
