
best_val_epoch: 9250
best_val_mse: 0.00029273903815033806
best_val_tau: 0.8226813661269723
best_val_rho: 0.9199109968174173
best_val_p10: 0.8816666666666667
best_val_p20: 0.8866666666666667

mse: 0.00046082966844724
rho: 0.8967884596447637
tau: 0.7869781299230841
prec_at_10: 0.8623333333333335
prec_at_20: 0.8626666666666667
