
best_val_epoch: 9330
best_val_mse: 0.00015474488983414792
best_val_tau: 0.9048539232053423
best_val_rho: 0.9859241742338172
best_val_p10: 0.9875
best_val_p20: 0.993

mse: 0.0001286611344762164
rho: 0.9878768548466483
tau: 0.9088620463078848
prec_at_10: 0.9890000000000001
prec_at_20: 0.996
