
best_val_epoch: 9100
best_val_mse: 0.00028467882671165314
best_val_tau: 0.8189540312281135
best_val_rho: 0.9059555745404899
best_val_p10: 0.8880000000000001
best_val_p20: 0.8955000000000001

mse: 0.0006377242709503091
rho: 0.8603543442969984
tau: 0.7541215735335002
prec_at_10: 0.8606666666666668
prec_at_20: 0.8645
