
best_val_epoch: 29975
best_val_mse: 0.00026549427449103555
best_val_tau: 0.8488123264532609
best_val_rho: 0.9457341669146094
best_val_p10: 0.8923333333333335
best_val_p20: 0.8716666666666667

mse: 0.0004204786824298735
rho: 0.9217532568888358
tau: 0.8119360392920025
prec_at_10: 0.876
prec_at_20: 0.8748333333333335
