
best_val_epoch: 29050
best_val_mse: 0.00019316342934075305
best_val_tau: 0.857307460964858
best_val_rho: 0.9486673147881801
best_val_p10: 0.9073333333333333
best_val_p20: 0.8801666666666667

mse: 0.0005643836180042383
rho: 0.9081380666468054
tau: 0.797394968028913
prec_at_10: 0.8829999999999999
prec_at_20: 0.8906666666666666
