
best_val_epoch: 9275
best_val_mse: 0.00024329942479473478
best_val_tau: 0.8460590120710253
best_val_rho: 0.94130898202755
best_val_p10: 0.895
best_val_p20: 0.8761666666666668

mse: 0.000645691367099572
rho: 0.9120741750746584
tau: 0.7934638124362894
prec_at_10: 0.852
prec_at_20: 0.8691666666666666
