
best_val_epoch: 9000
best_val_mse: 0.00022606732493182018
best_val_tau: 0.8267528694434143
best_val_rho: 0.918213099577215
best_val_p10: 0.9126666666666667
best_val_p20: 0.9188333333333335

mse: 0.0005614606388464762
rho: 0.8623030504882295
tau: 0.7598483273097952
prec_at_10: 0.8656666666666666
prec_at_20: 0.8903333333333332
