
best_val_epoch: 29530
best_val_mse: 0.0001697396263417067
best_val_tau: 0.9020889259877575
best_val_rho: 0.9853271575754375
best_val_p10: 0.9890000000000001
best_val_p20: 0.9915

mse: 0.00011207350559205283
rho: 0.9870470628079108
tau: 0.9056693679599502
prec_at_10: 0.9840000000000001
prec_at_20: 0.9915
