
best_val_epoch: 29410
best_val_mse: 0.001393528233609437
best_val_tau: 0.7548361015050412
best_val_rho: 0.9079428096160941
best_val_p10: 0.6857142857142857
best_val_p20: 0.725

mse: 0.0013741374878294753
rho: 0.8996691485180837
tau: 0.7429839180752802
prec_at_10: 0.6942857142857142
prec_at_20: 0.7492857142857143
