
best_val_epoch: 29275
best_val_mse: 0.00019197057986927528
best_val_tau: 0.875419536110081
best_val_rho: 0.9611003996026882
best_val_p10: 0.8973333333333333
best_val_p20: 0.8943333333333332

mse: 0.0005222466325194512
rho: 0.9243224862424673
tau: 0.8154703271244557
prec_at_10: 0.8856666666666666
prec_at_20: 0.8866666666666667
