
best_val_epoch: 9050
best_val_mse: 0.0002590842059343276
best_val_tau: 0.8099100070036666
best_val_rho: 0.9034809398804472
best_val_p10: 0.8786666666666667
best_val_p20: 0.8703333333333334

mse: 0.00042042873550671514
rho: 0.8552951447419987
tau: 0.7565538040960059
prec_at_10: 0.88
prec_at_20: 0.8825
