
best_val_epoch: 29975
best_val_mse: 0.00022092659418564457
best_val_tau: 0.8338645902855023
best_val_rho: 0.9146669441978736
best_val_p10: 0.8940000000000001
best_val_p20: 0.8843333333333335

mse: 0.00038521693309796377
rho: 0.8897107777852623
tau: 0.7908403484385137
prec_at_10: 0.8823333333333333
prec_at_20: 0.8905
