
best_val_epoch: 29250
best_val_mse: 0.00048023232089139763
best_val_tau: 0.8053946398659967
best_val_rho: 0.9121410935273385
best_val_p10: 0.8993333333333333
best_val_p20: 0.8755000000000002

mse: 0.0007887808637168867
rho: 0.8749025930805044
tau: 0.7538296265406357
prec_at_10: 0.85
prec_at_20: 0.8629999999999999
