
best_val_epoch: 9475
best_val_mse: 0.0003305887004412505
best_val_tau: 0.7889404853128991
best_val_rho: 0.8941627854410246
best_val_p10: 0.8746666666666666
best_val_p20: 0.8620000000000001

mse: 0.0005002242219089728
rho: 0.8902487186217954
tau: 0.7738042164766935
prec_at_10: 0.8626666666666667
prec_at_20: 0.8573333333333333
